154839
154839
154839
154839
154843
154843
154843
154843
154975
154975
154847
154847
154847
154847
154979
154979
154851
154851
154851
154851
154855
154855
154851
154851
154855
154855
154859
154859
154859
154859
154983
154983
154863
154863
154863
154863
154867
154867
154867
154867
154839
154839
154839
154839
154843
154843
154843
154843
154843
154843
154843
154975
154975
154847
154847
154847
154847
154847
154847
154847
154979
154979
154979
154979
154851
154851
154851
154851
154851
154851
154851
154855
154855
154855
154855
154851
154851
154851
154855
154855
154855
154859
154859
154859
154859
154859
154859
154859
154983
154983
154863
154863
154863
154863
154863
154863
154867
154867
154867
154867
