5184
5184
5190
5190
5814
5814
5196
5196
5808
5808
6018
6018
6024
6024
6030
6030
6222
6222
6216
6216
154867
154867
154867
154867
154871
154871
154871
154871
160690
160690
160691
160691
160691
160691
160687
160687
160694
160694
160695
160695
5184
5190
5190
5190
5814
5814
5814
5814
5196
5196
5808
5808
5808
6018
6018
6018
6024
6024
6024
6024
6030
6030
6030
6222
6222
6216
6216
154867
154867
154867
154867
154871
154871
154871
154871
154871
154871
160690
160690
160691
160691
160691
160691
160691
160691
160691
160687
160694
160694
160695
160695
160695
